#          omega_b,        omega_cdm,      100*theta_s,     ln10^{10}A_s,              n_s,         tau_reio,         deg_ncdm,           m_ncdm,        A_cib_217,        xi_sz_cib,             A_sz,     ps_A_100_100,     ps_A_143_143,     ps_A_143_217,     ps_A_217_217,         ksz_norm,     gal545_A_100,     gal545_A_143, gal545_A_143_217,     gal545_A_217,    galf_TE_A_100, galf_TE_A_100_143, galf_TE_A_100_217,    galf_TE_A_143, galf_TE_A_143_217,    galf_TE_A_217,       calib_100T,       calib_217T,         A_planck,           z_reio,     Omega_Lambda,              YHe,               H0,              A_s,           sigma8
5.2760300e-08 3.4071530e-07 -6.2806240e-08 1.9555370e-06 1.6463680e-06 4.3382660e-07 6.9659930e-05 -1.0392820e-06 -5.7806350e-06 2.8974650e-04 7.9403640e-05 4.6348160e-06 -5.2808140e-05 2.7296120e-05 1.4738120e-05 1.4394260e-05 1.0648700e-05 -1.9192080e-05 -4.2691750e-08 -1.6455970e-08 -2.3104670e-07 -2.9402550e-07 -6.7031480e-07 -2.3881140e-06 6.2925060e-10 1.3526960e-09 1.2294510e-08 4.1737590e-05 2.6382640e-06 4.8042500e-07 3.4166580e-04 4.0812060e-15 2.2523730e-06
3.4071530e-07 9.3147490e-06 -1.3074560e-06 2.6336550e-05 1.6328000e-05 8.1083380e-07 2.5504350e-03 -4.9995020e-05 -4.8236850e-04 1.2085370e-02 6.3382520e-03 2.1472630e-03 -4.9254360e-05 1.0280050e-03 2.1095610e-04 3.4161470e-04 3.8357560e-04 -3.8578190e-04 1.8932300e-07 2.0304900e-07 -1.5861170e-06 1.1139020e-06 3.1640180e-07 1.8162690e-05 -4.1056590e-08 6.1785840e-08 -6.1475860e-08 2.2124190e-04 5.8132440e-06 7.4145490e-06 2.8344440e-03 5.4928300e-14 2.8445790e-05
-6.2806240e-08 -1.3074560e-06 2.8033070e-07 -4.1572680e-06 -2.9582350e-06 -3.4054120e-07 -3.6950040e-04 7.2152340e-06 6.6869960e-05 -1.7684740e-03 -8.6369280e-04 -2.7010940e-04 4.4408900e-05 -1.5127690e-04 -3.6690080e-05 -5.4211590e-05 -6.0396680e-05 5.1646150e-05 -3.4112380e-09 -6.8218590e-08 1.3171800e-07 -8.1888700e-08 1.3557260e-08 -1.8821400e-06 5.5418970e-09 -8.5056570e-09 -1.3934840e-09 -5.1906890e-05 -2.1035640e-06 -1.1949030e-06 -5.2405310e-04 -8.6705710e-15 -4.3863460e-06
1.9555370e-06 2.6336550e-05 -4.1572680e-06 3.5284380e-04 8.0431100e-05 1.2694380e-04 4.0753820e-03 -2.6763200e-05 -7.4186180e-04 2.3492630e-02 1.4014140e-02 8.7615250e-03 7.6271130e-03 7.1537590e-04 4.2464270e-04 7.4444130e-05 1.3841070e-04 6.7159030e-04 -6.1192180e-08 -2.5529100e-08 -8.5090290e-06 -8.6239400e-06 -1.3913790e-05 5.9111880e-06 5.9796690e-08 1.1638550e-07 1.1664710e-05 1.3275400e-02 6.9929350e-05 2.7153540e-05 1.3653660e-02 7.3644950e-13 1.8414700e-04
1.6463680e-06 1.6328000e-05 -2.9582350e-06 8.0431100e-05 7.8616230e-05 1.7608490e-05 2.6215210e-03 -3.4113070e-05 -2.5319700e-04 7.5798230e-03 6.5750640e-03 3.9423510e-03 1.3853390e-03 7.3754220e-04 1.0478470e-03 7.3887840e-04 6.8301540e-04 -1.8192050e-04 -4.9721290e-07 1.5219100e-06 -4.5570870e-06 -5.0503840e-06 -1.3170990e-05 -3.7022070e-05 -1.7859960e-07 8.1952320e-08 1.6231260e-07 1.8663840e-03 9.7741470e-05 2.1180690e-05 1.3565690e-02 1.6785970e-13 8.9105230e-05
4.3382660e-07 8.1083380e-07 -3.4054120e-07 1.2694380e-04 1.7608490e-05 6.2368790e-05 -1.0102000e-03 2.4039260e-05 2.6068740e-04 -5.2332610e-03 -2.0545330e-03 9.5559930e-05 7.3252500e-04 -5.8618250e-04 7.3535970e-05 -1.1339510e-04 -2.1170270e-04 -2.3266230e-05 -7.5914110e-07 1.2199510e-07 -1.2260010e-06 -4.7143040e-06 -6.0183520e-06 -2.6174730e-05 1.0513910e-08 -1.1327100e-08 -3.4698590e-07 6.3608270e-03 2.2454350e-05 3.3919830e-06 2.6073830e-03 2.6504950e-13 4.6221920e-05
6.9659930e-05 2.5504350e-03 -3.6950040e-04 4.0753820e-03 2.6215210e-03 -1.0102000e-03 4.5130330e+01 -3.9969310e-01 -8.8331850e-01 3.7914010e+01 3.3582940e+00 -1.2232990e+01 -5.4976760e+01 1.2432940e-01 2.0819640e-01 6.2069130e-01 -5.7181760e+00 -3.3457080e+01 -2.3059460e-04 6.3242190e-04 -2.8594860e-03 4.9479820e-04 -4.4783060e-03 2.6355350e-03 -2.1210800e-04 7.3122980e-04 4.9293900e-04 -5.4391510e-02 2.4408330e-03 2.3771410e-03 9.1111320e-01 8.4753720e-12 1.5892360e-03
-1.0392820e-06 -4.9995020e-05 7.2152340e-06 -2.6763200e-05 -3.4113070e-05 2.4039260e-05 -3.9969310e-01 8.1293060e-02 -3.7758360e-02 -6.2510110e-01 8.9150560e-01 1.6883180e+00 6.3664610e-01 3.5214790e-02 -7.6610480e-03 8.9373520e-03 1.1094810e-01 1.4865920e-01 7.3051160e-07 -1.5693260e-05 -2.8416990e-05 -4.4476120e-05 4.9673010e-05 8.7829500e-06 4.4423750e-06 -1.5657680e-06 5.7700800e-06 1.4301770e-03 -3.2993430e-05 -4.5300590e-05 -1.6306870e-02 -5.5430000e-14 -1.5490620e-06
-5.7806350e-06 -4.8236850e-04 6.6869960e-05 -7.4186180e-04 -2.5319700e-04 2.6068740e-04 -8.8331850e-01 -3.7758360e-02 3.7699800e+00 -3.0124500e+01 -3.6469020e+00 7.1799170e+00 4.9392520e+00 -2.5753580e+00 -2.1972080e-01 1.4407520e-01 2.5521040e+00 3.1827320e+00 -1.0116450e-04 -1.5907530e-04 4.1627630e-04 -6.4170180e-04 -4.9376460e-04 -3.2643320e-03 1.0507340e-04 -3.9692000e-05 7.0501010e-06 1.6529630e-02 2.2127800e-05 -3.9198020e-04 -1.2183220e-01 -1.5438590e-12 -3.9792370e-04
2.8974650e-04 1.2085370e-02 -1.7684740e-03 2.3492630e-02 7.5798230e-03 -5.2332610e-03 3.7914010e+01 -6.2510110e-01 -3.0124500e+01 7.8305630e+02 7.5100990e+01 -5.0435990e+01 -5.7997800e+01 1.4130140e+01 -5.8463960e+00 6.2077490e+00 -1.1383200e+01 -2.3941240e+01 3.5242020e-03 -2.0059960e-03 -8.6382480e-03 9.5319100e-03 -1.1199360e-03 3.7514340e-02 3.6504870e-03 5.3503880e-04 3.3103850e-03 -3.0325330e-01 5.6984400e-03 1.0578420e-02 3.7237630e+00 4.8967550e-11 9.8408320e-03
7.9403640e-05 6.3382520e-03 -8.6369280e-04 1.4014140e-02 6.5750640e-03 -2.0545330e-03 3.3582940e+00 8.9150560e-01 -3.6469020e+00 7.5100990e+01 6.4317050e+01 4.0709710e+01 1.4532200e+01 -3.9656500e+00 -2.5875080e-01 -1.0742600e+00 3.5357140e+00 3.6820430e+00 8.8399560e-04 4.2541130e-04 -2.8683230e-03 2.3784110e-03 5.1871320e-03 4.2548610e-02 3.1883140e-05 1.4034010e-04 7.2461240e-04 -7.8575900e-02 -8.1979770e-04 5.0211820e-03 1.5290690e+00 2.9230130e-11 9.1755730e-03
4.6348160e-06 2.1472630e-03 -2.7010940e-04 8.7615250e-03 3.9423510e-03 9.5559930e-05 -1.2232990e+01 1.6883180e+00 7.1799170e+00 -5.0435990e+01 4.0709710e+01 8.4062000e+01 5.1586310e+01 -1.0903950e+01 -7.9813490e-01 -5.4251940e-01 4.7959210e+00 7.6449860e+00 5.7594200e-04 -7.4798620e-04 1.8514070e-03 -3.8513320e-04 3.8484860e-03 1.6139090e-02 3.7994180e-04 -3.5296440e-04 6.2895880e-04 5.5686640e-02 -2.5225310e-03 1.3782290e-03 2.7289390e-01 1.8293200e-11 6.9678530e-03
-5.2808140e-05 -4.9254360e-05 4.4408900e-05 7.6271130e-03 1.3853390e-03 7.3252500e-04 -5.4976760e+01 6.3664610e-01 4.9392520e+00 -5.7997800e+01 1.4532200e+01 5.1586310e+01 1.0292420e+02 -8.7569830e+00 -6.2214470e-01 -1.1954970e+00 5.2709610e+00 3.3262610e+01 1.1693690e-03 -1.1206750e-03 4.1485660e-03 -3.7043960e-04 9.7540380e-03 1.5086040e-02 4.2880070e-04 -1.3388480e-03 1.6009830e-03 7.8210810e-02 -4.3847730e-03 -6.3345830e-04 -4.8571480e-01 1.5946670e-11 6.2310430e-03
2.7296120e-05 1.0280050e-03 -1.5127690e-04 7.1537590e-04 7.3754220e-04 -5.8618250e-04 1.2432940e-01 3.5214790e-02 -2.5753580e+00 1.4130140e+01 -3.9656500e+00 -1.0903950e+01 -8.7569830e+00 5.5884070e+00 1.5839640e-01 -1.2867540e-01 -1.8649880e+00 -2.1472220e+00 2.0412050e-06 1.2221780e-04 -1.7020350e-04 4.4640480e-04 -4.3728830e-04 -5.4688560e-04 -7.1816280e-05 1.4176500e-05 -4.0053450e-05 -4.0199760e-02 8.6352150e-04 9.4993070e-04 3.5664270e-01 1.4804490e-12 1.0286070e-04
1.4738120e-05 2.1095610e-04 -3.6690080e-05 4.2464270e-04 1.0478470e-03 7.3535970e-05 2.0819640e-01 -7.6610480e-03 -2.1972080e-01 -5.8463960e+00 -2.5875080e-01 -7.9813490e-01 -6.2214470e-01 1.5839640e-01 3.3527470e+00 5.6086370e-01 1.8642630e-01 1.4874350e-01 -3.7129500e-04 2.3163850e-04 1.0986750e-03 -6.2521570e-04 -6.5178970e-04 -6.9848960e-04 1.7746830e-04 -2.7217050e-06 8.1010770e-07 9.7025550e-03 8.2173200e-04 2.4945190e-04 1.3554830e-01 8.8514370e-13 5.7712900e-04
1.4394260e-05 3.4161470e-04 -5.4211590e-05 7.4444130e-05 7.3887840e-04 -1.1339510e-04 6.2069130e-01 8.9373520e-03 1.4407520e-01 6.2077490e+00 -1.0742600e+00 -5.4251940e-01 -1.1954970e+00 -1.2867540e-01 5.6086370e-01 3.1954390e+00 2.7323310e+00 2.7205680e+00 1.8654320e-04 -3.5766170e-04 -5.3552660e-04 -1.2191260e-04 1.2435990e-04 -1.1837920e-03 -1.7990110e-04 -3.6575610e-05 -1.4268980e-05 -5.8305810e-03 8.1116200e-04 3.6338990e-04 1.6923010e-01 1.5405790e-13 2.1209790e-04
1.0648700e-05 3.8357560e-04 -6.0396680e-05 1.3841070e-04 6.8301540e-04 -2.1170270e-04 -5.7181760e+00 1.1094810e-01 2.5521040e+00 -1.1383200e+01 3.5357140e+00 4.7959210e+00 5.2709610e+00 -1.8649880e+00 1.8642630e-01 2.7323310e+00 1.0744440e+01 1.9186100e+01 4.8898270e-04 -1.0140660e-04 -1.3471860e-03 -1.5572330e-04 3.8649160e-04 8.2495880e-03 -2.6558210e-05 4.0619600e-04 4.0329970e-05 -1.4266570e-02 4.9287940e-04 3.8316980e-04 1.5212820e-01 2.9250620e-13 -5.9499990e-05
-1.9192080e-05 -3.8578190e-04 5.1646150e-05 6.7159030e-04 -1.8192050e-04 -2.3266230e-05 -3.3457080e+01 1.4865920e-01 3.1827320e+00 -2.3941240e+01 3.6820430e+00 7.6449860e+00 3.3262610e+01 -2.1472220e+00 1.4874350e-01 2.7205680e+00 1.9186100e+01 5.3577020e+01 8.1905370e-04 -2.2574200e-04 9.2747470e-04 5.1400850e-04 1.2015360e-03 1.6764930e-02 7.2622670e-05 9.1277080e-04 9.2576290e-04 -8.3617940e-03 -1.0661530e-03 -3.8769090e-04 -1.9718370e-01 1.4189500e-12 -3.3123290e-04
-4.2691750e-08 1.8932300e-07 -3.4112380e-09 -6.1192180e-08 -4.9721290e-07 -7.5914110e-07 -2.3059460e-04 7.3051160e-07 -1.0116450e-04 3.5242020e-03 8.8399560e-04 5.7594200e-04 1.1693690e-03 2.0412050e-06 -3.7129500e-04 1.8654320e-04 4.8898270e-04 8.1905370e-04 1.4501580e-03 2.7267750e-04 8.4362370e-05 -3.6736690e-04 -9.8711180e-05 -1.0189220e-04 4.7599960e-08 7.5099920e-10 4.8027220e-07 -6.4754570e-05 -1.0975120e-07 2.4514520e-08 -7.3851860e-06 -1.4731070e-16 2.3012770e-06
-1.6455970e-08 2.0304900e-07 -6.8218590e-08 -2.5529100e-08 1.5219100e-06 1.2199510e-07 6.3242190e-04 -1.5693260e-05 -1.5907530e-04 -2.0059960e-03 4.2541130e-04 -7.4798620e-04 -1.1206750e-03 1.2221780e-04 2.3163850e-04 -3.5766170e-04 -1.0140660e-04 -2.2574200e-04 2.7267750e-04 8.6876150e-04 2.6324060e-05 7.3590030e-04 4.2162440e-05 -7.3878210e-04 -3.8242160e-08 2.0679520e-08 -2.2180880e-07 2.2869490e-05 7.9513470e-07 2.8322580e-07 1.2921860e-04 -3.4471320e-17 3.0018170e-07
-2.3104670e-07 -1.5861170e-06 1.3171800e-07 -8.5090290e-06 -4.5570870e-06 -1.2260010e-06 -2.8594860e-03 -2.8416990e-05 4.1627630e-04 -8.6382480e-03 -2.8683230e-03 1.8514070e-03 4.1485660e-03 -1.7020350e-04 1.0986750e-03 -5.3552660e-04 -1.3471860e-03 9.2747470e-04 8.4362370e-05 2.6324060e-05 7.2200680e-03 -3.1210970e-04 6.5473670e-04 4.5314890e-03 1.0244730e-07 3.2182080e-08 -4.7970120e-07 -1.2927640e-04 -3.3577100e-06 -1.8358810e-06 -8.5776200e-04 -1.7691790e-14 9.4739340e-07
-2.9402550e-07 1.1139020e-06 -8.1888700e-08 -8.6239400e-06 -5.0503840e-06 -4.7143040e-06 4.9479820e-04 -4.4476120e-05 -6.4170180e-04 9.5319100e-03 2.3784110e-03 -3.8513320e-04 -3.7043960e-04 4.4640480e-04 -6.2521570e-04 -1.2191260e-04 -1.5572330e-04 5.1400850e-04 -3.6736690e-04 7.3590030e-04 -3.1210970e-04 2.9119890e-03 5.1868890e-04 -1.0085430e-03 6.6965430e-08 1.6888940e-07 -5.2870600e-07 -4.0099510e-04 -1.4388620e-05 -5.6465670e-07 -1.2391550e-03 -1.8009760e-14 -3.4929440e-06
-6.7031480e-07 3.1640180e-07 1.3557260e-08 -1.3913790e-05 -1.3170990e-05 -6.0183520e-06 -4.4783060e-03 4.9673010e-05 -4.9376460e-04 -1.1199360e-03 5.1871320e-03 3.8484860e-03 9.7540380e-03 -4.3728830e-04 -6.5178970e-04 1.2435990e-04 3.8649160e-04 1.2015360e-03 -9.8711180e-05 4.2162440e-05 6.5473670e-04 5.1868890e-04 6.4120330e-03 7.8790200e-03 9.6963230e-08 -2.7442410e-07 6.5410380e-08 -4.7728530e-04 -3.5555690e-05 -2.8608180e-06 -3.4794470e-03 -2.9174610e-14 -1.4386560e-05
-2.3881140e-06 1.8162690e-05 -1.8821400e-06 5.9111880e-06 -3.7022070e-05 -2.6174730e-05 2.6355350e-03 8.7829500e-06 -3.2643320e-03 3.7514340e-02 4.2548610e-02 1.6139090e-02 1.5086040e-02 -5.4688560e-04 -6.9848960e-04 -1.1837920e-03 8.2495880e-03 1.6764930e-02 -1.0189220e-04 -7.3878210e-04 4.5314890e-03 -1.0085430e-03 7.8790200e-03 7.2035610e-02 -3.7290110e-07 2.6072750e-07 1.0849230e-05 -1.8096410e-03 -1.7283600e-04 1.2857240e-07 -1.2230000e-02 1.2090800e-14 -4.7185570e-05
6.2925060e-10 -4.1056590e-08 5.5418970e-09 5.9796690e-08 -1.7859960e-07 1.0513910e-08 -2.1210800e-04 4.4423750e-06 1.0507340e-04 3.6504870e-03 3.1883140e-05 3.7994180e-04 4.2880070e-04 -7.1816280e-05 1.7746830e-04 -1.7990110e-04 -2.6558210e-05 7.2622670e-05 4.7599960e-08 -3.8242160e-08 1.0244730e-07 6.6965430e-08 9.6963230e-08 -3.7290110e-07 3.7478930e-07 -1.0273670e-09 2.2981170e-09 -5.7491810e-09 -4.6355420e-08 -3.6225200e-08 -1.3983720e-05 1.2414110e-16 -7.3130760e-08
1.3526960e-09 6.1785840e-08 -8.5056570e-09 1.1638550e-07 8.1952320e-08 -1.1327100e-08 7.3122980e-04 -1.5657680e-06 -3.9692000e-05 5.3503880e-04 1.4034010e-04 -3.5296440e-04 -1.3388480e-03 1.4176500e-05 -2.7217050e-06 -3.6575610e-05 4.0619600e-04 9.1277080e-04 7.5099920e-10 2.0679520e-08 3.2182080e-08 1.6888940e-07 -2.7442410e-07 2.6072750e-07 -1.0273670e-09 3.8765970e-07 -3.4002710e-09 6.4211940e-08 -2.3566850e-08 5.4006500e-08 1.5227950e-05 2.4257070e-16 -3.6070470e-08
1.2294510e-08 -6.1475860e-08 -1.3934840e-09 1.1664710e-05 1.6231260e-07 -3.4698590e-07 4.9293900e-04 5.7700800e-06 7.0501010e-06 3.3103850e-03 7.2461240e-04 6.2895880e-04 1.6009830e-03 -4.0053450e-05 8.1010770e-07 -1.4268980e-05 4.0329970e-05 9.2576290e-04 4.8027220e-07 -2.2180880e-07 -4.7970120e-07 -5.2870600e-07 6.5410380e-08 1.0849230e-05 2.2981170e-09 -3.4002710e-09 6.1909130e-06 -3.8457100e-05 -2.7172570e-07 1.6279110e-08 -1.4005110e-05 2.4332220e-14 2.9782350e-06
4.1737590e-05 2.2124190e-04 -5.1906890e-05 1.3275400e-02 1.8663840e-03 6.3608270e-03 -5.4391510e-02 1.4301770e-03 1.6529630e-02 -3.0325330e-01 -7.8575900e-02 5.5686640e-02 7.8210810e-02 -4.0199760e-02 9.7025550e-03 -5.8305810e-03 -1.4266570e-02 -8.3617940e-03 -6.4754570e-05 2.2869490e-05 -1.2927640e-04 -4.0099510e-04 -4.7728530e-04 -1.8096410e-03 -5.7491810e-09 6.4211940e-08 -3.8457100e-05 6.5351480e-01 1.8287940e-03 4.2218540e-04 2.5773270e-01 2.7705290e-11 4.6990810e-03
2.6382640e-06 5.8132440e-06 -2.1035640e-06 6.9929350e-05 9.7741470e-05 2.2454350e-05 2.4408330e-03 -3.2993430e-05 2.2127800e-05 5.6984400e-03 -8.1979770e-04 -2.5225310e-03 -4.3847730e-03 8.6352150e-04 8.2173200e-04 8.1116200e-04 4.9287940e-04 -1.0661530e-03 -1.0975120e-07 7.9513470e-07 -3.3577100e-06 -1.4388620e-05 -3.5555690e-05 -1.7283600e-04 -4.6355420e-08 -2.3566850e-08 -2.7172570e-07 1.8287940e-03 2.9714290e-04 2.1495530e-05 2.7802040e-02 1.4595120e-13 2.9539150e-04
4.8042500e-07 7.4145490e-06 -1.1949030e-06 2.7153540e-05 2.1180690e-05 3.3919830e-06 2.3771410e-03 -4.5300590e-05 -3.9198020e-04 1.0578420e-02 5.0211820e-03 1.3782290e-03 -6.3345830e-04 9.4993070e-04 2.4945190e-04 3.6338990e-04 3.8316980e-04 -3.8769090e-04 2.4514520e-08 2.8322580e-07 -1.8358810e-06 -5.6465670e-07 -2.8608180e-06 1.2857240e-07 -3.6225200e-08 5.4006500e-08 1.6279110e-08 4.2218540e-04 2.1495530e-05 7.5300830e-06 3.9257670e-03 5.6646390e-14 2.8821870e-05
3.4166580e-04 2.8344440e-03 -5.2405310e-04 1.3653660e-02 1.3565690e-02 2.6073830e-03 9.1111320e-01 -1.6306870e-02 -1.2183220e-01 3.7237630e+00 1.5290690e+00 2.7289390e-01 -4.8571480e-01 3.5664270e-01 1.3554830e-01 1.6923010e-01 1.5212820e-01 -1.9718370e-01 -7.3851860e-06 1.2921860e-04 -8.5776200e-04 -1.2391550e-03 -3.4794470e-03 -1.2230000e-02 -1.3983720e-05 1.5227950e-05 -1.4005110e-05 2.5773270e-01 2.7802040e-02 3.9257670e-03 3.2276250e+00 2.8491970e-11 3.0817320e-02
4.0812060e-15 5.4928300e-14 -8.6705710e-15 7.3644950e-13 1.6785970e-13 2.6504950e-13 8.4753720e-12 -5.5430000e-14 -1.5438590e-12 4.8967550e-11 2.9230130e-11 1.8293200e-11 1.5946670e-11 1.4804490e-12 8.8514370e-13 1.5405790e-13 2.9250620e-13 1.4189500e-12 -1.4731070e-16 -3.4471320e-17 -1.7691790e-14 -1.8009760e-14 -2.9174610e-14 1.2090800e-14 1.2414110e-16 2.4257070e-16 2.4332220e-14 2.7705290e-11 1.4595120e-13 5.6646390e-14 2.8491970e-11 1.5374000e-21 3.8423170e-13
2.2523730e-06 2.8445790e-05 -4.3863460e-06 1.8414700e-04 8.9105230e-05 4.6221920e-05 1.5892360e-03 -1.5490620e-06 -3.9792370e-04 9.8408320e-03 9.1755730e-03 6.9678530e-03 6.2310430e-03 1.0286070e-04 5.7712900e-04 2.1209790e-04 -5.9499990e-05 -3.3123290e-04 2.3012770e-06 3.0018170e-07 9.4739340e-07 -3.4929440e-06 -1.4386560e-05 -4.7185570e-05 -7.3130760e-08 -3.6070470e-08 2.9782350e-06 4.6990810e-03 2.9539150e-04 2.8821870e-05 3.0817320e-02 3.8423170e-13 5.4163690e-04
