#          omega_b,        omega_cdm,      100*theta_s,     ln10^{10}A_s,              n_s,         tau_reio,         deg_ncdm,           m_ncdm,        A_cib_217,        xi_sz_cib,             A_sz,     ps_A_100_100,     ps_A_143_143,     ps_A_143_217,     ps_A_217_217,         ksz_norm,     gal545_A_100,     gal545_A_143, gal545_A_143_217,     gal545_A_217,    galf_TE_A_100, galf_TE_A_100_143, galf_TE_A_100_217,    galf_TE_A_143, galf_TE_A_143_217,    galf_TE_A_217,       calib_100T,       calib_217T,         A_planck,           z_reio,     Omega_Lambda,              YHe,               H0,              A_s,           sigma8
 5.276030e-08	 3.407153e-07	-6.280624e-08	 1.955537e-06	 1.646368e-06	 4.338266e-07	 3.267585e-05	-2.078341e-06	 6.965993e-05	-1.039282e-06	-5.780635e-06	 2.897465e-04	 7.940364e-05	 4.634816e-06	-5.280814e-05	 2.729612e-05	 1.473812e-05	 1.439426e-05	 1.064870e-05	-1.919208e-05	-4.269175e-08	-1.645597e-08	-2.310467e-07	-2.940255e-07	-6.703148e-07	-2.388114e-06	 6.292506e-10	 1.352696e-09	 1.229451e-08	 4.173759e-05	 2.638264e-06	 4.804250e-07	 3.416658e-04	 4.081206e-15	 2.252373e-06	
 3.407153e-07	 9.314749e-06	-1.307456e-06	 2.633655e-05	 1.632800e-05	 8.108338e-07	 5.189981e-04	-5.617725e-06	 2.550435e-03	-4.999502e-05	-4.823685e-04	 1.208537e-02	 6.338252e-03	 2.147263e-03	-4.925436e-05	 1.028005e-03	 2.109561e-04	 3.416147e-04	 3.835756e-04	-3.857819e-04	 1.893230e-07	 2.030490e-07	-1.586117e-06	 1.113902e-06	 3.164018e-07	 1.816269e-05	-4.105659e-08	 6.178584e-08	-6.147586e-08	 2.212419e-04	 5.813244e-06	 7.414549e-06	 2.834444e-03	 5.492830e-14	 2.844579e-05	
-6.280624e-08	-1.307456e-06	 2.803307e-07	-4.157268e-06	-2.958235e-06	-3.405412e-07	-8.333481e-05	 1.654610e-06	-3.695004e-04	 7.215234e-06	 6.686996e-05	-1.768474e-03	-8.636928e-04	-2.701094e-04	 4.440890e-05	-1.512769e-04	-3.669008e-05	-5.421159e-05	-6.039668e-05	 5.164615e-05	-3.411238e-09	-6.821859e-08	 1.317180e-07	-8.188870e-08	 1.355726e-08	-1.882140e-06	 5.541897e-09	-8.505657e-09	-1.393484e-09	-5.190689e-05	-2.103564e-06	-1.194903e-06	-5.240531e-04	-8.670571e-15	-4.386346e-06	
 1.955537e-06	 2.633655e-05	-4.157268e-06	 3.528438e-04	 8.043110e-05	 1.269438e-04	 1.878592e-03	-1.908496e-05	 4.075382e-03	-2.676320e-05	-7.418618e-04	 2.349263e-02	 1.401414e-02	 8.761525e-03	 7.627113e-03	 7.153759e-04	 4.246427e-04	 7.444413e-05	 1.384107e-04	 6.715903e-04	-6.119218e-08	-2.552910e-08	-8.509029e-06	-8.623940e-06	-1.391379e-05	 5.911188e-06	 5.979669e-08	 1.163855e-07	 1.166471e-05	 1.327540e-02	 6.992935e-05	 2.715354e-05	 1.365366e-02	 7.364495e-13	 1.841470e-04	
 1.646368e-06	 1.632800e-05	-2.958235e-06	 8.043110e-05	 7.861623e-05	 1.760849e-05	 1.461468e-03	-6.673288e-05	 2.621521e-03	-3.411307e-05	-2.531970e-04	 7.579823e-03	 6.575064e-03	 3.942351e-03	 1.385339e-03	 7.375422e-04	 1.047847e-03	 7.388784e-04	 6.830154e-04	-1.819205e-04	-4.972129e-07	 1.521910e-06	-4.557087e-06	-5.050384e-06	-1.317099e-05	-3.702207e-05	-1.785996e-07	 8.195232e-08	 1.623126e-07	 1.866384e-03	 9.774147e-05	 2.118069e-05	 1.356569e-02	 1.678597e-13	 8.910523e-05	
 4.338266e-07	 8.108338e-07	-3.405412e-07	 1.269438e-04	 1.760849e-05	 6.236879e-05	 2.292791e-04	 2.994626e-06	-1.010200e-03	 2.403926e-05	 2.606874e-04	-5.233261e-03	-2.054533e-03	 9.555993e-05	 7.325250e-04	-5.861825e-04	 7.353597e-05	-1.133951e-04	-2.117027e-04	-2.326623e-05	-7.591411e-07	 1.219951e-07	-1.226001e-06	-4.714304e-06	-6.018352e-06	-2.617473e-05	 1.051391e-08	-1.132710e-08	-3.469859e-07	 6.360827e-03	 2.245435e-05	 3.391983e-06	 2.607383e-03	 2.650495e-13	 4.622192e-05	
 3.267585e-05	 5.189981e-04	-8.333481e-05	 1.878592e-03	 1.461468e-03	 2.292791e-04	 3.632946e-02	-9.610401e-04	 1.675617e-01	-3.200790e-03	-2.785847e-02	 7.466699e-01	 3.560057e-01	 9.803913e-02	-4.375350e-02	 6.709920e-02	 1.733732e-02	 2.550558e-02	 2.700920e-02	-2.709563e-02	 2.341572e-06	 2.055347e-05	-1.251717e-04	-3.203813e-05	-1.848422e-04	 8.070840e-05	-2.601425e-06	 3.812889e-06	 8.799478e-07	 2.890601e-02	 1.452121e-03	 5.227790e-04	 2.697847e-01	 3.919506e-12	 1.987571e-03	
-2.078341e-06	-5.617725e-06	 1.654610e-06	-1.908496e-05	-6.673288e-05	 2.994626e-06	-9.610401e-04	 1.087355e-03	 4.148745e-03	-9.172569e-05	-7.820251e-04	 1.963762e-02	 8.609079e-03	 1.619874e-03	-1.770280e-03	 1.812697e-03	-2.007082e-04	 2.097879e-04	 7.951944e-04	 5.562800e-04	-3.267631e-06	 1.388860e-07	-9.059458e-06	 7.106127e-06	 2.401788e-05	 1.634225e-04	 1.403585e-08	 2.550787e-07	 2.333693e-06	 9.724764e-04	-4.525302e-04	-1.441107e-05	-3.733549e-02	-3.966831e-14	-6.842545e-04	
 6.965993e-05	 2.550435e-03	-3.695004e-04	 4.075382e-03	 2.621521e-03	-1.010200e-03	 1.675617e-01	 4.148745e-03	 4.513033e+01	-3.996931e-01	-8.833185e-01	 3.791401e+01	 3.358294e+00	-1.223299e+01	-5.497676e+01	 1.243294e-01	 2.081964e-01	 6.206913e-01	-5.718176e+00	-3.345708e+01	-2.305946e-04	 6.324219e-04	-2.859486e-03	 4.947982e-04	-4.478306e-03	 2.635535e-03	-2.121080e-04	 7.312298e-04	 4.929390e-04	-5.439151e-02	 2.440833e-03	 2.377141e-03	 9.111132e-01	 8.475372e-12	 1.589236e-03	
-1.039282e-06	-4.999502e-05	 7.215234e-06	-2.676320e-05	-3.411307e-05	 2.403926e-05	-3.200790e-03	-9.172569e-05	-3.996931e-01	 8.129306e-02	-3.775836e-02	-6.251011e-01	 8.915056e-01	 1.688318e+00	 6.366461e-01	 3.521479e-02	-7.661048e-03	 8.937352e-03	 1.109481e-01	 1.486592e-01	 7.305116e-07	-1.569326e-05	-2.841699e-05	-4.447612e-05	 4.967301e-05	 8.782950e-06	 4.442375e-06	-1.565768e-06	 5.770080e-06	 1.430177e-03	-3.299343e-05	-4.530059e-05	-1.630687e-02	-5.543000e-14	-1.549062e-06	
-5.780635e-06	-4.823685e-04	 6.686996e-05	-7.418618e-04	-2.531970e-04	 2.606874e-04	-2.785847e-02	-7.820251e-04	-8.833185e-01	-3.775836e-02	 3.769980e+00	-3.012450e+01	-3.646902e+00	 7.179917e+00	 4.939252e+00	-2.575358e+00	-2.197208e-01	 1.440752e-01	 2.552104e+00	 3.182732e+00	-1.011645e-04	-1.590753e-04	 4.162763e-04	-6.417018e-04	-4.937646e-04	-3.264332e-03	 1.050734e-04	-3.969200e-05	 7.050101e-06	 1.652963e-02	 2.212780e-05	-3.919802e-04	-1.218322e-01	-1.543859e-12	-3.979237e-04	
 2.897465e-04	 1.208537e-02	-1.768474e-03	 2.349263e-02	 7.579823e-03	-5.233261e-03	 7.466699e-01	 1.963762e-02	 3.791401e+01	-6.251011e-01	-3.012450e+01	 7.830563e+02	 7.510099e+01	-5.043599e+01	-5.799780e+01	 1.413014e+01	-5.846396e+00	 6.207749e+00	-1.138320e+01	-2.394124e+01	 3.524202e-03	-2.005996e-03	-8.638248e-03	 9.531910e-03	-1.119936e-03	 3.751434e-02	 3.650487e-03	 5.350388e-04	 3.310385e-03	-3.032533e-01	 5.698440e-03	 1.057842e-02	 3.723763e+00	 4.896755e-11	 9.840832e-03	
 7.940364e-05	 6.338252e-03	-8.636928e-04	 1.401414e-02	 6.575064e-03	-2.054533e-03	 3.560057e-01	 8.609079e-03	 3.358294e+00	 8.915056e-01	-3.646902e+00	 7.510099e+01	 6.431705e+01	 4.070971e+01	 1.453220e+01	-3.965650e+00	-2.587508e-01	-1.074260e+00	 3.535714e+00	 3.682043e+00	 8.839956e-04	 4.254113e-04	-2.868323e-03	 2.378411e-03	 5.187132e-03	 4.254861e-02	 3.188314e-05	 1.403401e-04	 7.246124e-04	-7.857590e-02	-8.197977e-04	 5.021182e-03	 1.529069e+00	 2.923013e-11	 9.175573e-03	
 4.634816e-06	 2.147263e-03	-2.701094e-04	 8.761525e-03	 3.942351e-03	 9.555993e-05	 9.803913e-02	 1.619874e-03	-1.223299e+01	 1.688318e+00	 7.179917e+00	-5.043599e+01	 4.070971e+01	 8.406200e+01	 5.158631e+01	-1.090395e+01	-7.981349e-01	-5.425194e-01	 4.795921e+00	 7.644986e+00	 5.759420e-04	-7.479862e-04	 1.851407e-03	-3.851332e-04	 3.848486e-03	 1.613909e-02	 3.799418e-04	-3.529644e-04	 6.289588e-04	 5.568664e-02	-2.522531e-03	 1.378229e-03	 2.728939e-01	 1.829320e-11	 6.967853e-03	
-5.280814e-05	-4.925436e-05	 4.440890e-05	 7.627113e-03	 1.385339e-03	 7.325250e-04	-4.375350e-02	-1.770280e-03	-5.497676e+01	 6.366461e-01	 4.939252e+00	-5.799780e+01	 1.453220e+01	 5.158631e+01	 1.029242e+02	-8.756983e+00	-6.221447e-01	-1.195497e+00	 5.270961e+00	 3.326261e+01	 1.169369e-03	-1.120675e-03	 4.148566e-03	-3.704396e-04	 9.754038e-03	 1.508604e-02	 4.288007e-04	-1.338848e-03	 1.600983e-03	 7.821081e-02	-4.384773e-03	-6.334583e-04	-4.857148e-01	 1.594667e-11	 6.231043e-03	
 2.729612e-05	 1.028005e-03	-1.512769e-04	 7.153759e-04	 7.375422e-04	-5.861825e-04	 6.709920e-02	 1.812697e-03	 1.243294e-01	 3.521479e-02	-2.575358e+00	 1.413014e+01	-3.965650e+00	-1.090395e+01	-8.756983e+00	 5.588407e+00	 1.583964e-01	-1.286754e-01	-1.864988e+00	-2.147222e+00	 2.041205e-06	 1.222178e-04	-1.702035e-04	 4.464048e-04	-4.372883e-04	-5.468856e-04	-7.181628e-05	 1.417650e-05	-4.005345e-05	-4.019976e-02	 8.635215e-04	 9.499307e-04	 3.566427e-01	 1.480449e-12	 1.028607e-04	
 1.473812e-05	 2.109561e-04	-3.669008e-05	 4.246427e-04	 1.047847e-03	 7.353597e-05	 1.733732e-02	-2.007082e-04	 2.081964e-01	-7.661048e-03	-2.197208e-01	-5.846396e+00	-2.587508e-01	-7.981349e-01	-6.221447e-01	 1.583964e-01	 3.352747e+00	 5.608637e-01	 1.864263e-01	 1.487435e-01	-3.712950e-04	 2.316385e-04	 1.098675e-03	-6.252157e-04	-6.517897e-04	-6.984896e-04	 1.774683e-04	-2.721705e-06	 8.101077e-07	 9.702555e-03	 8.217320e-04	 2.494519e-04	 1.355483e-01	 8.851437e-13	 5.771290e-04	
 1.439426e-05	 3.416147e-04	-5.421159e-05	 7.444413e-05	 7.388784e-04	-1.133951e-04	 2.550558e-02	 2.097879e-04	 6.206913e-01	 8.937352e-03	 1.440752e-01	 6.207749e+00	-1.074260e+00	-5.425194e-01	-1.195497e+00	-1.286754e-01	 5.608637e-01	 3.195439e+00	 2.732331e+00	 2.720568e+00	 1.865432e-04	-3.576617e-04	-5.355266e-04	-1.219126e-04	 1.243599e-04	-1.183792e-03	-1.799011e-04	-3.657561e-05	-1.426898e-05	-5.830581e-03	 8.111620e-04	 3.633899e-04	 1.692301e-01	 1.540579e-13	 2.120979e-04	
 1.064870e-05	 3.835756e-04	-6.039668e-05	 1.384107e-04	 6.830154e-04	-2.117027e-04	 2.700920e-02	 7.951944e-04	-5.718176e+00	 1.109481e-01	 2.552104e+00	-1.138320e+01	 3.535714e+00	 4.795921e+00	 5.270961e+00	-1.864988e+00	 1.864263e-01	 2.732331e+00	 1.074444e+01	 1.918610e+01	 4.889827e-04	-1.014066e-04	-1.347186e-03	-1.557233e-04	 3.864916e-04	 8.249588e-03	-2.655821e-05	 4.061960e-04	 4.032997e-05	-1.426657e-02	 4.928794e-04	 3.831698e-04	 1.521282e-01	 2.925062e-13	-5.949999e-05	
-1.919208e-05	-3.857819e-04	 5.164615e-05	 6.715903e-04	-1.819205e-04	-2.326623e-05	-2.709563e-02	 5.562800e-04	-3.345708e+01	 1.486592e-01	 3.182732e+00	-2.394124e+01	 3.682043e+00	 7.644986e+00	 3.326261e+01	-2.147222e+00	 1.487435e-01	 2.720568e+00	 1.918610e+01	 5.357702e+01	 8.190537e-04	-2.257420e-04	 9.274747e-04	 5.140085e-04	 1.201536e-03	 1.676493e-02	 7.262267e-05	 9.127708e-04	 9.257629e-04	-8.361794e-03	-1.066153e-03	-3.876909e-04	-1.971837e-01	 1.418950e-12	-3.312329e-04	
-4.269175e-08	 1.893230e-07	-3.411238e-09	-6.119218e-08	-4.972129e-07	-7.591411e-07	 2.341572e-06	-3.267631e-06	-2.305946e-04	 7.305116e-07	-1.011645e-04	 3.524202e-03	 8.839956e-04	 5.759420e-04	 1.169369e-03	 2.041205e-06	-3.712950e-04	 1.865432e-04	 4.889827e-04	 8.190537e-04	 1.450158e-03	 2.726775e-04	 8.436237e-05	-3.673669e-04	-9.871118e-05	-1.018922e-04	 4.759996e-08	 7.509992e-10	 4.802722e-07	-6.475457e-05	-1.097512e-07	 2.451452e-08	-7.385186e-06	-1.473107e-16	 2.301277e-06	
-1.645597e-08	 2.030490e-07	-6.821859e-08	-2.552910e-08	 1.521910e-06	 1.219951e-07	 2.055347e-05	 1.388860e-07	 6.324219e-04	-1.569326e-05	-1.590753e-04	-2.005996e-03	 4.254113e-04	-7.479862e-04	-1.120675e-03	 1.222178e-04	 2.316385e-04	-3.576617e-04	-1.014066e-04	-2.257420e-04	 2.726775e-04	 8.687615e-04	 2.632406e-05	 7.359003e-04	 4.216244e-05	-7.387821e-04	-3.824216e-08	 2.067952e-08	-2.218088e-07	 2.286949e-05	 7.951347e-07	 2.832258e-07	 1.292186e-04	-3.447132e-17	 3.001817e-07	
-2.310467e-07	-1.586117e-06	 1.317180e-07	-8.509029e-06	-4.557087e-06	-1.226001e-06	-1.251717e-04	-9.059458e-06	-2.859486e-03	-2.841699e-05	 4.162763e-04	-8.638248e-03	-2.868323e-03	 1.851407e-03	 4.148566e-03	-1.702035e-04	 1.098675e-03	-5.355266e-04	-1.347186e-03	 9.274747e-04	 8.436237e-05	 2.632406e-05	 7.220068e-03	-3.121097e-04	 6.547367e-04	 4.531489e-03	 1.024473e-07	 3.218208e-08	-4.797012e-07	-1.292764e-04	-3.357710e-06	-1.835881e-06	-8.577620e-04	-1.769179e-14	 9.473934e-07	
-2.940255e-07	 1.113902e-06	-8.188870e-08	-8.623940e-06	-5.050384e-06	-4.714304e-06	-3.203813e-05	 7.106127e-06	 4.947982e-04	-4.447612e-05	-6.417018e-04	 9.531910e-03	 2.378411e-03	-3.851332e-04	-3.704396e-04	 4.464048e-04	-6.252157e-04	-1.219126e-04	-1.557233e-04	 5.140085e-04	-3.673669e-04	 7.359003e-04	-3.121097e-04	 2.911989e-03	 5.186889e-04	-1.008543e-03	 6.696543e-08	 1.688894e-07	-5.287060e-07	-4.009951e-04	-1.438862e-05	-5.646567e-07	-1.239155e-03	-1.800976e-14	-3.492944e-06	
-6.703148e-07	 3.164018e-07	 1.355726e-08	-1.391379e-05	-1.317099e-05	-6.018352e-06	-1.848422e-04	 2.401788e-05	-4.478306e-03	 4.967301e-05	-4.937646e-04	-1.119936e-03	 5.187132e-03	 3.848486e-03	 9.754038e-03	-4.372883e-04	-6.517897e-04	 1.243599e-04	 3.864916e-04	 1.201536e-03	-9.871118e-05	 4.216244e-05	 6.547367e-04	 5.186889e-04	 6.412033e-03	 7.879020e-03	 9.696323e-08	-2.744241e-07	 6.541038e-08	-4.772853e-04	-3.555569e-05	-2.860818e-06	-3.479447e-03	-2.917461e-14	-1.438656e-05	
-2.388114e-06	 1.816269e-05	-1.882140e-06	 5.911188e-06	-3.702207e-05	-2.617473e-05	 8.070840e-05	 1.634225e-04	 2.635535e-03	 8.782950e-06	-3.264332e-03	 3.751434e-02	 4.254861e-02	 1.613909e-02	 1.508604e-02	-5.468856e-04	-6.984896e-04	-1.183792e-03	 8.249588e-03	 1.676493e-02	-1.018922e-04	-7.387821e-04	 4.531489e-03	-1.008543e-03	 7.879020e-03	 7.203561e-02	-3.729011e-07	 2.607275e-07	 1.084923e-05	-1.809641e-03	-1.728360e-04	 1.285724e-07	-1.223000e-02	 1.209080e-14	-4.718557e-05	
 6.292506e-10	-4.105659e-08	 5.541897e-09	 5.979669e-08	-1.785996e-07	 1.051391e-08	-2.601425e-06	 1.403585e-08	-2.121080e-04	 4.442375e-06	 1.050734e-04	 3.650487e-03	 3.188314e-05	 3.799418e-04	 4.288007e-04	-7.181628e-05	 1.774683e-04	-1.799011e-04	-2.655821e-05	 7.262267e-05	 4.759996e-08	-3.824216e-08	 1.024473e-07	 6.696543e-08	 9.696323e-08	-3.729011e-07	 3.747893e-07	-1.027367e-09	 2.298117e-09	-5.749181e-09	-4.635542e-08	-3.622520e-08	-1.398372e-05	 1.241411e-16	-7.313076e-08	
 1.352696e-09	 6.178584e-08	-8.505657e-09	 1.163855e-07	 8.195232e-08	-1.132710e-08	 3.812889e-06	 2.550787e-07	 7.312298e-04	-1.565768e-06	-3.969200e-05	 5.350388e-04	 1.403401e-04	-3.529644e-04	-1.338848e-03	 1.417650e-05	-2.721705e-06	-3.657561e-05	 4.061960e-04	 9.127708e-04	 7.509992e-10	 2.067952e-08	 3.218208e-08	 1.688894e-07	-2.744241e-07	 2.607275e-07	-1.027367e-09	 3.876597e-07	-3.400271e-09	 6.421194e-08	-2.356685e-08	 5.400650e-08	 1.522795e-05	 2.425707e-16	-3.607047e-08	
 1.229451e-08	-6.147586e-08	-1.393484e-09	 1.166471e-05	 1.623126e-07	-3.469859e-07	 8.799478e-07	 2.333693e-06	 4.929390e-04	 5.770080e-06	 7.050101e-06	 3.310385e-03	 7.246124e-04	 6.289588e-04	 1.600983e-03	-4.005345e-05	 8.101077e-07	-1.426898e-05	 4.032997e-05	 9.257629e-04	 4.802722e-07	-2.218088e-07	-4.797012e-07	-5.287060e-07	 6.541038e-08	 1.084923e-05	 2.298117e-09	-3.400271e-09	 6.190913e-06	-3.845710e-05	-2.717257e-07	 1.627911e-08	-1.400511e-05	 2.433222e-14	 2.978235e-06	
 4.173759e-05	 2.212419e-04	-5.190689e-05	 1.327540e-02	 1.866384e-03	 6.360827e-03	 2.890601e-02	 9.724764e-04	-5.439151e-02	 1.430177e-03	 1.652963e-02	-3.032533e-01	-7.857590e-02	 5.568664e-02	 7.821081e-02	-4.019976e-02	 9.702555e-03	-5.830581e-03	-1.426657e-02	-8.361794e-03	-6.475457e-05	 2.286949e-05	-1.292764e-04	-4.009951e-04	-4.772853e-04	-1.809641e-03	-5.749181e-09	 6.421194e-08	-3.845710e-05	 6.535148e-01	 1.828794e-03	 4.221854e-04	 2.577327e-01	 2.770529e-11	 4.699081e-03	
 2.638264e-06	 5.813244e-06	-2.103564e-06	 6.992935e-05	 9.774147e-05	 2.245435e-05	 1.452121e-03	-4.525302e-04	 2.440833e-03	-3.299343e-05	 2.212780e-05	 5.698440e-03	-8.197977e-04	-2.522531e-03	-4.384773e-03	 8.635215e-04	 8.217320e-04	 8.111620e-04	 4.928794e-04	-1.066153e-03	-1.097512e-07	 7.951347e-07	-3.357710e-06	-1.438862e-05	-3.555569e-05	-1.728360e-04	-4.635542e-08	-2.356685e-08	-2.717257e-07	 1.828794e-03	 2.971429e-04	 2.149553e-05	 2.780204e-02	 1.459512e-13	 2.953915e-04	
 4.804250e-07	 7.414549e-06	-1.194903e-06	 2.715354e-05	 2.118069e-05	 3.391983e-06	 5.227790e-04	-1.441107e-05	 2.377141e-03	-4.530059e-05	-3.919802e-04	 1.057842e-02	 5.021182e-03	 1.378229e-03	-6.334583e-04	 9.499307e-04	 2.494519e-04	 3.633899e-04	 3.831698e-04	-3.876909e-04	 2.451452e-08	 2.832258e-07	-1.835881e-06	-5.646567e-07	-2.860818e-06	 1.285724e-07	-3.622520e-08	 5.400650e-08	 1.627911e-08	 4.221854e-04	 2.149553e-05	 7.530083e-06	 3.925767e-03	 5.664639e-14	 2.882187e-05	
 3.416658e-04	 2.834444e-03	-5.240531e-04	 1.365366e-02	 1.356569e-02	 2.607383e-03	 2.697847e-01	-3.733549e-02	 9.111132e-01	-1.630687e-02	-1.218322e-01	 3.723763e+00	 1.529069e+00	 2.728939e-01	-4.857148e-01	 3.566427e-01	 1.355483e-01	 1.692301e-01	 1.521282e-01	-1.971837e-01	-7.385186e-06	 1.292186e-04	-8.577620e-04	-1.239155e-03	-3.479447e-03	-1.223000e-02	-1.398372e-05	 1.522795e-05	-1.400511e-05	 2.577327e-01	 2.780204e-02	 3.925767e-03	 3.227625e+00	 2.849197e-11	 3.081732e-02	
 4.081206e-15	 5.492830e-14	-8.670571e-15	 7.364495e-13	 1.678597e-13	 2.650495e-13	 3.919506e-12	-3.966831e-14	 8.475372e-12	-5.543000e-14	-1.543859e-12	 4.896755e-11	 2.923013e-11	 1.829320e-11	 1.594667e-11	 1.480449e-12	 8.851437e-13	 1.540579e-13	 2.925062e-13	 1.418950e-12	-1.473107e-16	-3.447132e-17	-1.769179e-14	-1.800976e-14	-2.917461e-14	 1.209080e-14	 1.241411e-16	 2.425707e-16	 2.433222e-14	 2.770529e-11	 1.459512e-13	 5.664639e-14	 2.849197e-11	 1.537400e-21	 3.842317e-13	
 2.252373e-06	 2.844579e-05	-4.386346e-06	 1.841470e-04	 8.910523e-05	 4.622192e-05	 1.987571e-03	-6.842545e-04	 1.589236e-03	-1.549062e-06	-3.979237e-04	 9.840832e-03	 9.175573e-03	 6.967853e-03	 6.231043e-03	 1.028607e-04	 5.771290e-04	 2.120979e-04	-5.949999e-05	-3.312329e-04	 2.301277e-06	 3.001817e-07	 9.473934e-07	-3.492944e-06	-1.438656e-05	-4.718557e-05	-7.313076e-08	-3.607047e-08	 2.978235e-06	 4.699081e-03	 2.953915e-04	 2.882187e-05	 3.081732e-02	 3.842317e-13	 5.416369e-04	
